 &PINPUT3
 IDRUN   =           1,
 IDRUN0  =           0,
 INDX    =           5,
 INDY    =          10,
 INDZ    =          10,
 NPX     =          64,
 NPY     =        2048,
 NPZ     =        2048,
 NPXB    =           0,
 NPYB    =           0,
 NPZB    =           0,
 INORDER =           2,
 POPT    =           2,
 DOPT    =           2,
 DJOPT   =           2,
 NUSTRT  =           0,
 NTR     =           0,
 NTW     =           0,
 NTP     =           0,
 NTD     =           0,
 NTA     =           0,
 NTV     =           0,
 NTS     =           0,
 NTM     =           0,
 NTE     =           0,
 NDW     =           1,
 NDP     =           0,
 NDD     =           0,
 NDA     =           0,
 NDV     =           0,
 NDS     =           0,
 NDM     =           0,
 NDE     =           0,
 TEND    =   25.0000000000000     ,
 DT      =  0.200000000000000     ,
 QME     =  -1.00000000000000     ,
 VTX     =   1.69600000000000     ,
 VTY     =   1.69600000000000     ,
 VTZ     =   1.69600000000000     ,
 VX0     =  0.000000000000000E+000,
 VY0     =  0.000000000000000E+000,
 VZ0     =  0.000000000000000E+000,
 VDX     =  0.000000000000000E+000,
 VDY     =  0.000000000000000E+000,
 VDZ     =   5.00000000000000     ,
 VTDX    =  0.500000000000000     ,
 VTDY    =  0.500000000000000     ,
 VTDZ    =  0.500000000000000     ,
 PSOLVE  =           1,
 RELATIVITY      =           0,
 OMX     =  0.000000000000000E+000,
 OMY     =  0.000000000000000E+000,
 OMZ     =  0.000000000000000E+000,
 CI      =  0.100000000000000     ,
 AX      =  0.866667000000000     ,
 AY      =  0.866667000000000     ,
 AZ      =  0.866667000000000     ,
 NDC     =           2,
 MOVION  =           0,
 NPXI    =           4,
 NPYI    =           4,
 NPZI    =           4,
 NPXBI   =           0,
 NPYBI   =           0,
 NPZBI   =           0,
 QMI     =   1.00000000000000     ,
 RMASS   =   64.0000000000000     ,
 RTEMPXI =   1.00000000000000     ,
 RTEMPYI =   1.00000000000000     ,
 RTEMPZI =   1.00000000000000     ,
 VXI0    =  0.000000000000000E+000,
 VYI0    =  0.000000000000000E+000,
 VZI0    =  0.000000000000000E+000,
 VDXI    =  0.000000000000000E+000,
 VDYI    =  0.000000000000000E+000,
 VDZI    =  0.000000000000000E+000,
 RTEMPDXI        =   1.00000000000000     ,
 RTEMPDYI        =   1.00000000000000     ,
 RTEMPDZI        =   1.00000000000000     ,
 V0      =  0.000000000000000E+000,
 W0      =  0.000000000000000E+000,
 SORTIME =          10,
 SORTIMI =         100,
 NPLOT   =           0,
 IDPAL   =           1,
 NDSTYLE =           1,
 SNTASKS =          -1,
 ITPON   =          -1,
 IONOFF  =          -1,
 NSRAND  =           0,
 NDPROF  =           0,
 NSRANDI =           0,
 NDPROFI =           0,
 AMPDX   =  0.000000000000000E+000,
 SCALEDX =  0.000000000000000E+000,
 SHIFTDX =  0.000000000000000E+000,
 AMPDY   =  0.000000000000000E+000,
 SCALEDY =  0.000000000000000E+000,
 SHIFTDY =  0.000000000000000E+000,
 AMPDZ   =  0.000000000000000E+000,
 SCALEDZ =  0.000000000000000E+000,
 SHIFTDZ =  0.000000000000000E+000,
 AMPDXI  =  0.000000000000000E+000,
 SCALEDXI        =  0.000000000000000E+000,
 SHIFTDXI        =  0.000000000000000E+000,
 AMPDYI  =  0.000000000000000E+000,
 SCALEDYI        =  0.000000000000000E+000,
 SHIFTDYI        =  0.000000000000000E+000,
 AMPDZI  =  0.000000000000000E+000,
 SCALEDZI        =  0.000000000000000E+000,
 SHIFTDZI        =  0.000000000000000E+000,
 MODESXD =          11,
 MODESYD =          11,
 MODESZD =          11,
 MODESXP =          11,
 MODESYP =          11,
 MODESZP =          11,
 MODESXA =          11,
 MODESYA =          11,
 MODESZA =          11,
 MODESXE =          11,
 MODESYE =          11,
 MODESZE =          11,
 IMBALANCE       =  8.000000000000000E-002,
 MPIMON  =           1
 /
